3.9050203928705225e-08
1.3675868172968762e-07
4.3538904370259504e-07
1.2593148389949717e-06
3.3070688067799435e-06
7.879696200244993e-06
1.7023305413648862e-05
3.3326155694492196e-05
5.909131016799288e-05
9.48683659284517e-05
0.00013788817086034523
0.00018145925565380192
0.0002162723354036862
0.0002335532331092398
0.00022865342101814403
0.00020307170403757757
0.00016371298586122699
0.0001198818606840473
7.978390489834001e-05
4.8283164165926734e-05
8.277866230422967e-08
2.9121511273941803e-07
9.314443189997167e-07
2.7066626657039605e-06
7.139859585352607e-06
1.7082060417984496e-05
3.703396650418272e-05
7.269670375474957e-05
0.0001291208513377703
0.000207423706924807
0.0003013255580842588
0.0003959055151990429
0.00047065572640070624
0.0005065719868239359
0.0004940098621411903
0.000436864366157482
0.00035061931731432427
0.00025559091342388583
0.0001693494122916756
0.00010205104057741559
1.601880433009262e-07
5.66590833839583e-07
1.8225146306996262e-06
5.326654257141243e-06
1.4130855429853412e-05
3.3986485897543524e-05
7.401849587853894e-05
0.00014580527958109595
0.0002595373251107902
0.00041721690409210715
0.0006055954681393164
0.0007939079022682334
0.0009405746687408883
0.0010079500690989209
0.0009780547288653148
0.0008602888393386038
0.0006866678985799682
0.0004978457455605976
0.00032813889346634123
0.00019676309934504554
2.830100364248027e-07
1.0075340456226578e-06
3.2635635683200353e-06
9.608288412861663e-06
2.567720462717027e-05
6.218874953368857e-05
0.00013626541008362
0.00026967316056362994
0.0004813638117999023
0.0007743377933718857
0.0011223840265757344
0.0014665960914588964
0.001729275869495478
0.0018423550104635618
0.001776128388152328
0.0015516914673191495
0.0012301529654418107
0.0008860435541824348
0.0005803993274124605
0.00034603602993256297
4.56516796234441e-07
1.6380973201500346e-06
5.352873473956316e-06
1.5910863731218047e-05
4.2948043610487606e-05
0.00010504195294504559
0.00023217358134696887
0.0016656902267545629
0.0026667332288900013
0.0013374486717877784
0.001926129647786445
0.0025038873812059203
0.002931917736333237
0.003098578912299377
0.0029615876692124627
0.0025649667201570778
0.0020163950053206582
0.0014408716687894399
0.0009369639952990527
0.0005549346482666686
6.723471321811794e-07
2.4362357160445607e-06
8.05374013299732e-06
2.4270388675927116e-05
6.655401860794098e-05
0.00016541930095423772
0.00039743326762820555
0.005426276456211342
0.005870102421945064
0.0023705010600593877
0.0030809367067135755
0.003434670815817942
0.0012967128382901788
0.004804351744942503
0.0045390610212899295
0.003887439902394376
0.0030242148668571806
0.0021404901461723742
0.001380039176075246
0.0008111869855190667
9.040638644147775e-07
3.3178905233380213e-06
1.1166610646382248e-05
3.458787099306722e-05
9.852352536096264e-05
0.00025413906416250947
0.0006447881815017856
0.004633582833314197
0.005286866555889243
0.003300081981581676
0.00464381945491006
0.005869591344670154
0.006577224662838417
0.006880313256981806
0.00639921215957416
0.005402311646723263
0.004148821186312837
0.0029032304003565822
0.001853342754722779
0.0010801278401514154
1.1100606312623532e-06
4.155312979614613e-06
1.4610646165578295e-05
4.988607851868097e-05
0.0001622046296235929
0.00045564006418395117
0.001042995135425789
0.002071087210541168
0.0033548780901222048
0.004942869043335711
0.006695864372743762
0.006627435314886882
0.004556502849678214
0.009109984417014534
0.008297506360670566
0.006878934571510928
0.005201057688518788
0.0035915108002200903
0.0022671188510868267
0.0013088716876473387
1.2461263187549886e-06
4.872402096804336e-06
1.9923456309419655e-05
9.028345924542701e-05
0.0003639831934979328
0.0010830587867769123
0.0023265195478743735
0.0038778401066235845
0.005577632762489173
0.007438045793816017
0.00930736481090775
0.010788095456700923
0.011465963190957537
0.011133543444784542
0.009875144203565025
0.00800927530876174
0.005946730226693233
0.004045336627942321
0.0025223200113367048
0.0014415721508562887
1.283031388183941e-06
5.585105025029125e-06
3.152797107456817e-05
0.00019177661882697393
0.0008643001108337237
0.002560752705478833
0.005064486725051561
0.007378212082581381
0.009135656117237202
0.010710207468062647
0.012188589281364058
0.01320443001247846
0.013351663761017934
0.012475562948399172
0.01073252591505077
0.008493046906389039
0.006181743148424483
0.004138272630094088
0.002547178128891723
0.0014407722928648401
1.2120408227608379e-06
6.274458601730966e-06
4.822618382759843e-05
0.00034618339365124747
0.0016607980975566242
0.004851941058730459
0.008818930449935487
0.011359251186740686
0.012533370022631454
0.013435847117062813
0.014246799718790915
0.01457421396606572
0.014067411062144621
0.012657878308235065
0.010560874623677328
0.008152392839551308
0.005816437112295375
0.0038320649057597333
0.002328995901002262
0.0013042196649722996
1.0343849360791463e-06
6.13288364844068e-06
5.630408765470951e-05
0.00045826469018452195
0.002380709179632565
0.006939772406632977
0.011448643098614283
0.012896805244481759
0.013138273980458545
0.013655573408447481
0.01410974351420427
0.01400165238571646
0.013097058691048259
0.011445127298872792
0.00930697482928528
0.00703018532830895
0.004927060077929649
0.003199813145053844
0.0019227112580837977
0.0010671138046301446
7.78455043996052e-07
4.638188547062858e-06
4.486851360502611e-05
0.00041732308907510546
0.0024396676860762626
0.00724812062403454
0.010741646468752598
0.010338052372209158
0.010198794950101954
0.010966833962620682
0.011534001546166003
0.01143121351216423
0.010568129464019152
0.009088307263623826
0.007267599482164973
0.005404826475264846
0.0037370774199306754
0.0023999643958481347
0.0014291808783438089
0.0007876003740223345
5.146598119547413e-07
2.7291535653586054e-06
2.3233440032263434e-05
0.00023664804340735098
0.0015398476120327576
0.004689380169193983
0.006477896989200655
0.005660962720618315
0.006010471804490421
0.007061173270863475
0.0077763536793737
0.007866847757292053
0.007315938186499662
0.0062776723443772175
0.004988936439261833
0.003681870618282458
0.002526458305973746
0.0016115291912386287
0.000954242421759906
0.0005234802986610051
3.028639260518669e-07
1.4120401952844885e-06
8.433528837047357e-06
7.319213044033094e-05
0.00048312703361406273
0.001491783262491162
0.002094936485171763
0.0021758712723313994
0.0028981188761804575
0.0037686310744036527
0.004384720680687275
0.0045819002357410585
0.004340359860715616
0.00375972660807876
0.0029993391759328197
0.002214788360080122
0.0015181245142974762
0.0009666985260668201
0.0005714011183310301
0.0003129664786432204
1.5978081382236653e-07
6.930704136387545e-07
3.100238488927845e-06
1.5569264388181723e-05
7.834073256335342e-05
0.00024210438234505515
0.0004463603354147604
0.0007579192917096484
0.0012251884882879044
0.001720122470989619
0.00210643384011134
0.0022828875415477038
0.002219016708632594
0.001956791328772333
0.0015799772693186787
0.0011760174305808276
0.0008102819980088845
0.0005177029873325613
0.00030668855007264423
0.00016823511689315136
7.567803960939249e-08
3.1518877376990266e-07
1.2706434026314131e-06
4.922288460071325e-06
1.7498574530698414e-05
5.2677639706836755e-05
0.00012992898673625894
0.00026783430287011104
0.0004646931288297116
0.000686722772841831
0.0008780343126695865
0.0009862453173893697
0.000986885599221421
0.0008905832033014917
0.0007321558119876601
0.0005525477313425231
0.00038471404149844517
0.0002477400115414547
0.000147628792140701
8.134196275017348e-05
3.224480516347926e-08
1.3029796576900446e-07
4.978541167886814e-07
1.7868806280897506e-06
5.868463946886934e-06
1.700769008041356e-05
4.229312037742716e-05
8.915559605130461e-05
0.00015943902896340501
0.00024388212973709076
0.0003228552505658155
0.0003747045412018186
0.000386152242481771
0.0003575184122491945
0.00030036308033812737
0.00023076957935266822
0.00016300539553818765
0.0001061702903956489
6.383105200487127e-05
3.541281112521027e-05
1.2396770641532217e-08
4.8835764668318576e-08
1.795130711226261e-07
6.128138056493034e-07
1.913324783348764e-06
5.340854214017549e-06
1.3046789252624075e-05
2.752093160897976e-05
4.992415264429775e-05
7.812612684294553e-05
0.00010627464215747888
0.00012692094390197772
0.0001345133059620325
0.00012782880619956685
0.00010992627421382435
8.617313270801533e-05
6.190223998632624e-05
4.087598223266445e-05
2.48464618043788e-05
1.390466771516974e-05
4.3140041001559586e-09
1.6623843172903396e-08
5.926286338236584e-08
1.9473760086166977e-07
5.841758141063927e-07
1.5765668270091248e-06
3.769448822990818e-06
7.892149372664589e-06
1.4388195459420876e-05
2.2842767923540596e-05
3.17212179420361e-05
3.880855080878018e-05
4.218645357249892e-05
4.1100754706964874e-05
3.6174196484273556e-05
2.8950815493097508e-05
2.1170463044516296e-05
1.4188974319316281e-05
8.730147077812106e-06
4.933580751891088e-06
